Climate data/evap_2020.asc
ncols        75
nrows        119
xllcorner    230814.527999999991
yllcorner    9616990.319000000134
cellsize     250.000000000000
NODATA_value  -9999
[rows 37 to 73 of 119, columns 0 to 74 of 75]
8390 9370 9014 8163 7576 7400 6357 6357 6970 7174 8139 8113 8254 8532 8362 8389 6975 6975 7107 7269 7360 8977 9532 9529 9839 10277 10277 11038 11092 12399 15481 15544 15135 10332 12961 12961 13862 16505 16632 17042 17095 15859 15765 15592 16151 16151 14078 16151 16049 15765 13293 14655 14850 14711 14711 15356 14614 14246 16110 15180 15661 15656 15448 15278 15278 14840 14161 14040 13867 13379 12984 11926 11629 11629 11075
8671 8254 8379 8405 7607 7523 6926 6926 7799 7718 7803 7913 7763 7958 8039 8850 7219 7219 6891 6939 6910 8976 9789 9318 9152 9718 9718 10591 11092 12399 15481 15544 15135 10332 12961 12961 13862 16505 16632 17042 17095 15859 15765 15592 16151 16151 14078 16151 16049 15765 13293 14655 14850 14711 14711 15356 14614 14246 16110 15180 15661 15656 15448 15278 15278 14840 14161 14040 13867 13379 12984 11926 11629 11629 11075
8653 8345 8214 7318 8008 7956 7988 7988 6648 6984 7195 7069 7485 7841 8055 8346 8271 8271 6806 6614 6966 8770 9498 9479 9218 9714 9714 10745 11823 13630 15156 13097 12732 10823 11424 11424 13285 16477 14730 17181 16949 16713 16046 13784 12586 12586 14931 12823 15731 15601 14863 14556 15315 15138 15138 15734 16021 15938 16090 15421 15718 15775 15599 15257 15257 14962 14655 14536 14039 13674 13267 12943 12810 12810 12033
9790 7997 8018 7474 8219 8212 8476 8476 7890 6925 6888 7211 7399 7902 8040 8684 8305 8305 8045 6999 6982 8358 9350 9388 9076 9674 9674 11747 13878 15416 15343 15170 14544 13607 13068 13068 14627 15897 14789 17005 13553 12480 12022 12125 15394 15394 14325 12943 13881 15279 15371 15376 15533 16438 16438 16978 13841 16024 16414 16023 16107 15885 15066 15116 15116 14947 13280 13645 13809 13743 13866 12500 13313 13313 13139
9033 8941 8549 7450 8157 8399 8808 8808 8830 7841 6796 6756 7253 7724 7991 8063 7936 7936 7106 7016 6727 6650 8809 9115 10185 9655 9655 10639 12897 14970 15864 15861 15827 15094 15197 15197 14649 15486 15047 13324 16905 15811 14756 10873 13700 13700 15105 10968 13722 13346 14430 14867 14656 16763 16763 16640 16638 16486 16755 15817 16094 15803 15167 15048 15048 15228 13746 13526 13563 14107 13910 14396 13480 13480 13577
8353 8810 8194 7647 7868 7916 8303 8303 8316 7403 6790 6703 8225 7996 7765 8033 6959 6959 7344 7620 7062 6983 9472 10346 10254 9746 9746 10114 10561 11676 15752 16641 17150 16680 14175 14175 12115 9659 17641 16341 15931 15683 15224 15932 16362 16362 15289 15152 15541 16153 15401 15852 15197 16320 16320 16415 18027 17557 16438 15483 15474 15688 14126 15254 15254 15641 15310 14464 13619 13646 13049 14738 13775 13775 13382
8666 7584 8345 8534 8894 8601 8056 8056 7158 7769 8974 9207 7996 7950 8015 8100 7600 7600 6946 7308 7984 7161 9079 11527 11041 11545 11545 11405 10678 9918 12722 13190 13305 14429 11275 11275 9842 17533 15902 14957 15570 15100 15549 15372 13182 13182 15447 15765 15390 14009 17023 17857 15766 18555 18555 18793 18322 18569 16973 16131 16644 16026 15694 15360 15360 15377 15511 15752 15187 14555 14958 15635 14680 14680 14990
8722 8388 8480 8285 8489 8458 7434 7434 7010 7347 8210 8234 8289 8394 8331 7384 7953 7953 8276 7519 7162 8434 8781 9767 9911 13165 13165 11865 12302 10436 11935 13186 13496 14901 16993 16993 17551 17834 13837 15045 15378 15677 16663 9608 16249 16249 16217 16130 15567 16050 17080 18575 19632 18703 18703 19247 17463 18592 16532 14802 15855 16651 16686 15586 15586 15989 16364 16003 15485 16304 15900 15472 14461 14461 15524
8623 8805 9108 8310 9013 8615 8224 8224 8397 8078 7783 8302 8911 9386 9542 9800 9800 8587 8562 8481 8029 8456 8667 8518 9488 11886 11886 12729 12491 12131 14538 13216 13073 13609 11984 11984 17844 14449 15162 15398 15669 13799 15899 15942 14647 14647 15837 15105 15295 15454 14886 15705 17404 14677 14677 17559 18783 19146 18436 17520 17263 16831 15555 14561 14561 15342 16580 16020 16048 16883 15424 15883 15231 15231 16145
8623 8805 9108 8310 9013 8615 8224 8224 8397 8078 7783 8302 8911 9204 9641 8964 8964 9240 7954 7802 7519 8389 8567 8389 10039 12567 12567 11309 10942 10764 7307 14731 15130 15487 16449 16449 18741 17111 15347 16090 13861 15099 15415 15406 14377 14377 15451 15872 15488 15142 15894 14886 17306 16926 16926 17840 18776 19302 18952 17933 17822 15402 14239 16696 16696 16961 17235 16851 16202 16795 16258 15192 14302 14302 14090
8883 8706 8799 8822 8660 8854 8314 8314 8419 8441 7885 7856 9518 9204 9641 8964 8964 9240 7954 7802 7519 8389 8567 8389 10039 12567 12567 11309 10942 10764 7307 14731 15130 15487 16449 16449 18741 17111 15347 16090 13861 15099 15415 15406 14377 14377 15451 15872 15488 15142 15894 14886 17306 16926 16926 17840 18776 19302 18952 17933 17822 15402 14239 16696 17531 17894 17937 17258 16738 16541 16490 15956 15433 15433 14392
8432 8427 8763 8750 9001 9558 8586 8586 8180 8370 8614 8798 9858 9343 9772 8994 8994 9319 7978 7732 7438 8580 8429 8369 10324 11370 11370 11183 10269 11096 7546 16152 16889 15668 17889 17889 18072 15992 16274 15927 15830 15820 15570 14724 14517 14517 15093 16136 15911 16302 14673 16749 16717 16139 16139 15648 18543 18979 18881 17983 16495 14780 15341 17531 17531 17894 17937 17258 16738 16541 16490 15956 15433 15433 14392
8726 8337 8597 8646 8638 9115 8395 8395 8289 8130 8569 9058 8864 8144 8694 9180 9180 8979 7705 8345 8089 8375 8214 9014 9529 9746 9746 9632 10440 6038 15721 17533 13953 13693 17392 17392 16345 16245 16031 16273 16154 16261 14977 14481 15035 15035 15380 15302 15407 13906 15898 14983 14891 15980 15980 14619 18038 18105 18231 18279 16800 15420 16938 16781 16781 17603 18566 18098 16775 16507 16723 16845 15398 15398 14677
8645 8020 8330 7783 8430 8901 8144 8144 8535 8495 8361 8735 7710 8080 9151 9247 9247 8949 8369 9556 7991 7185 8552 9038 9652 9656 9656 9863 5840 6426 16048 16699 17807 18108 17806 17806 15981 15756 15506 15808 15714 15584 15257 14936 15444 15444 15929 15666 16312 16306 15210 14830 15308 15456 15456 16382 17189 17837 18025 18444 17454 17758 15961 16797 16797 17840 18791 18546 17039 17330 16874 16632 15480 15480 14824
8507 9480 10407 10183 8449 8376 8737 8737 8427 8161 8621 8094 7723 7534 7694 8399 8399 7801 7903 8600 7662 7690 7211 9027 9196 10649 10649 6259 6314 5989 16641 16306 16757 17794 17151 17151 16153 15933 15737 15384 14615 15219 16529 16109 15057 15057 15168 16827 16548 14958 14625 15444 15991 15700 15700 15899 15352 16444 17275 15695 17095 19333 18495 18495 19434 18953 19058 18166 17762 18381 17684 17689 16792 16792 16310
8292 9828 9940 9210 8770 8443 8670 8670 8990 7883 8310 8625 8359 8030 7875 7922 7922 7921 7700 7214 7493 7160 8019 8915 8804 9678 9678 11031 6152 5804 15821 16589 17527 18412 17546 17546 17197 17495 16951 16402 14840 15161 16900 16080 15106 15106 14872 16407 16957 16682 16964 17190 17080 16351 16351 15751 16198 12444 16186 15855 16764 18959 19277 19277 19398 18839 18701 18267 18537 14017 17543 18268 17639 17639 17197
9393 9498 9695 8705 9173 9047 8461 8461 8809 8162 9013 8595 8077 7862 8190 8404 8404 8346 8134 6786 6453 6568 8300 8539 8469 9335 9335 5769 6126 6126 15977 17028 13962 18533 18224 18224 16783 16806 16654 15677 15381 15544 16719 16140 15694 15694 15886 16086 16410 16202 16486 17256 16300 15985 15985 15710 11574 11676 11897 15570 16459 17198 18336 18336 19295 18685 15798 16307 18374 17666 15245 14601 17332 17332 16680
9471 9964 9083 8557 8557 8102 8142 8142 8705 9382 7709 7542 8642 8843 8524 8082 8082 8484 7744 7062 6857 7295 8792 5377 5296 5508 5508 5955 6322 7183 15575 10260 13675 13598 18596 18596 17499 16615 16973 17094 16820 16931 17067 16688 16348 16348 16374 17431 16790 16467 16046 16291 16084 15668 15668 15808 11107 11560 13803 14338 17327 17849 17621 17621 19103 17506 13211 13663 17211 17745 19623 18336 19274 19274 18552
9691 8115 8703 8580 8762 8993 9272 9272 8992 7539 7933 7822 8162 8303 7995 8084 8084 8548 7531 7177 7012 8821 9034 5629 5871 5847 5847 5937 6649 7587 15734 9645 13686 13342 14167 14167 18679 17257 17695 17549 16847 16926 17063 16676 16948 16948 16275 17438 17648 16382 15632 15943 16174 16243 16243 16564 11216 12491 11815 13476 16960 18538 17140 17140 18530 15656 13572 12495 15163 13973 17812 19046 18449 18449 17513
9691 8115 8703 8580 8762 8993 9272 9272 8992 7539 7933 7822 8162 8303 7995 8084 8084 8548 7531 7177 7012 8821 9034 5629 5871 5847 5847 5937 6649 7587 15734 9645 13686 13342 14167 14167 18679 17257 17695 17549 16847 16926 17063 16676 16948 16948 16275 17438 17648 15956 16049 16091 9421 17028 17028 17448 11137 11786 11489 14615 11932 18503 19917 19917 15783 17959 13292 12357 17081 13207 16874 18543 13187 13187 13097
7751 8171 7691 7413 8913 9023 8540 8540 8201 7475 7902 7175 7497 7945 7917 8137 8137 8119 8046 7042 8686 9439 11100 11612 11982 6471 6471 11388 13085 8164 15878 15908 12721 13629 13630 13630 17417 16218 18359 18616 17589 17619 17713 16232 16190 16190 16078 16428 16738 15956 16049 16091 9421 17028 17028 17448 11137 11786 11489 14615 11932 18503 19917 19917 15783 17959 13292 12357 17081 13207 16874 18543 13187 13187 13097
7327 8160 7046 7646 8756 9364 9344 9344 9361 8872 9035 7543 7329 7785 8409 8143 8143 8329 10187 9207 9303 10495 10130 6624 6807 6935 6935 6610 13592 15124 13160 11848 10674 11973 12279 12279 12008 12072 17380 17798 17533 17552 18062 16009 16078 16078 16088 16684 15909 16333 16405 16290 16538 17083 17083 17307 10511 11547 10798 10922 10740 17615 17091 17091 19794 18735 13438 16329 17072 17420 15738 17917 16289 16289 18752
7405 8515 6854 6904 9844 11088 11141 11141 11484 11076 12213 12340 12437 11150 12042 11701 11701 11399 12537 9070 8497 8950 12046 10316 11908 9315 9315 10488 7316 10987 13809 11266 15621 12156 12288 12288 11886 11494 15133 15420 15714 16384 16000 16257 16257 16483 16408 18284 18552 18215 16975 16474 16274 17027 17027 17141 11021 11828 10987 10122 9639 10504 13872 13872 19994 13667 14795 13159 17725 17323 17176 17884 17968 17968 13598
7437 7905 7215 8912 10091 10748 11833 11833 11672 11572 12457 14060 10167 9796 10605 8490 8490 10276 10479 9797 12549 9239 10599 9949 11877 7016 7016 10771 10430 11153 10331 11548 11860 12172 11405 11405 11327 11621 13046 13061 15637 17620 17944 17136 17136 17353 17361 17988 18295 17881 17408 17619 17715 17158 17158 17128 10997 11507 10707 10216 9759 10052 15796 15796 19533 15383 12016 12616 17938 17224 16994 14845 16823 16823 17020
8554 9040 9118 10862 11152 12080 13275 13275 12607 12659 12916 11267 13358 9496 9548 11378 11378 10791 10052 12950 12529 10355 10650 11341 12965 7826 7826 9999 12007 14167 14070 12198 11075 11668 15958 15958 11239 11898 11289 10931 16318 17705 18073 17347 17347 16895 17357 18473 13993 17336 17936 17831 17500 17995 17995 9747 10918 11723 10707 11122 11069 11325 16001 16001 18852 15715 12779 12581 17697 15578 16407 16275 16669 16669 17086
10659 10741 10753 10743 11032 11455 11860 11860 12507 11763 12539 10768 13916 13007 11239 11729 11729 12076 13013 10724 11773 13087 12246 12873 15715 17176 17176 17946 17099 15009 12254 12088 10134 10656 14241 14241 14565 16172 11833 11863 16871 16590 15935 9195 9195 16559 16759 13689 13998 10736 17044 17058 9772 17432 17432 9830 12040 11877 11729 12331 12006 12550 17501 17501 17817 18885 18541 16877 17331 16080 16910 16759 17698 17698 17126
10579 10248 10896 10895 11151 12437 11651 11651 12387 12463 13612 14226 11152 11577 14561 11939 11939 11903 12424 10889 11572 15399 13256 14262 17601 19256 19256 19119 18169 12055 7767 11761 12864 8147 12023 12023 12310 16431 13603 11698 12321 16129 14995 8541 8541 8875 16192 9751 16084 9587 10034 16569 17217 17753 17753 9560 17734 12857 12326 12422 12767 17667 16498 16498 19018 18735 18992 18060 17140 17718 17550 16811 18031 18031 17685
10024 9891 10462 10800 11265 13390 13180 13180 12888 11951 12910 13736 10344 11096 14362 11413 11413 12194 13637 12125 11277 13615 13665 15006 17165 18782 18782 18898 18156 17159 7327 7182 7960 8165 14817 14817 15656 16335 16397 15868 16100 9273 9026 8934 8934 8909 12085 10037 9780 9451 17473 16411 9770 9997 9997 9365 16712 10499 10622 10207 9887 16620 16278 16278 18842 17923 17662 14692 15874 15061 13908 18129 13660 13660 18308
10024 9891 10462 10800 11265 13390 13180 13180 12888 11951 12910 13736 10344 11096 14362 11413 11413 12194 13637 12125 11277 13615 13665 15006 17165 18782 18782 18898 18156 17159 7327 7182 7960 7703 15113 15113 8819 15508 15994 8428 8956 12359 9654 12828 12828 9623 9702 9161 9828 10291 9573 10235 9773 9929 9929 9563 10442 10760 11073 16690 15326 10976 13771 13771 17707 17376 15577 15525 16931 16615 18178 18048 18591 18591 18656
9223 9414 9950 10768 10035 12577 12825 12825 13045 12166 12348 12881 11022 15714 14291 12113 12113 14651 16346 16922 14301 16227 15832 17065 18016 18016 18513 17407 17884 17334 7877 7469 8059 7703 15113 15113 8819 15508 15994 8428 8956 12359 9654 12828 12828 9623 9702 9161 9828 10291 9573 10235 9773 9929 9929 9563 10442 10760 11073 16690 15326 10976 13771 13771 17707 17376 15577 15525 16931 16615 18178 18048 18591 18591 18656
8356 8906 9935 10631 10131 11424 12278 12278 12120 11457 12825 13212 10918 14411 15648 16617 16617 17099 15397 15275 15813 17372 15952 14728 14737 14737 14682 15276 16715 16929 17050 8475 7793 7028 6730 6730 7043 13027 7910 8397 8909 9482 17819 10440 10440 10090 13265 10155 9806 12743 10574 10528 10241 9098 9098 8984 8448 16806 13263 12602 11621 19804 10459 10459 17707 19325 12630 15386 16769 16858 16838 17872 18795 18795 17783
7988 8841 9232 10670 10678 10315 11080 11080 11985 11527 12877 13054 14135 15323 16729 16915 16915 16750 14541 13392 12914 14451 13294 12627 12404 12404 14489 16109 16446 17010 16590 8980 7725 6913 6821 6821 7346 7531 7776 8070 8404 9227 9417 9836 9836 9849 10357 10389 10140 10192 11943 19202 10813 8821 8821 8861 9519 16069 12929 11415 12259 14633 11133 11133 17621 17955 12955 13601 17267 17218 17037 20036 18700 18700 19525
7272 8331 9711 10424 10870 12108 12829 12829 13288 13616 12172 11707 15586 15146 16451 17053 17053 16043 14144 12570 12642 12603 12088 11719 11819 11819 15751 17044 16705 15940 17040 17242 8092 7182 7061 7061 7998 7555 7660 7453 7988 8512 9176 9362 9362 9351 9327 10282 10305 10888 11394 12857 12098 10137 10137 9362 9720 17777 19760 12625 12245 10219 10685 10685 19305 19409 13268 13732 16280 17732 18429 20167 18326 18326 17680
8075 9498 11074 10195 10599 12790 13515 13515 14339 12622 11578 12091 16092 16109 17671 16133 16133 15887 13742 12800 12844 12833 11678 11422 11103 11103 12798 17439 16691 16173 17724 18161 8450 7453 7159 7159 7419 7388 7424 7291 8134 7868 8649 8979 8979 8539 8558 9484 9269 10329 10239 11289 10124 8615 8615 9106 18056 11142 11357 14298 10583 10009 10369 10369 10557 18500 16405 14698 13919 19810 19810 17693 17523 17523 17572
9323 10934 12051 10892 10906 12858 13033 13033 12560 12050 12416 14763 17778 17961 17493 16181 16181 14762 12171 11161 11847 11859 11354 11798 12045 12045 14036 17448 17138 17465 16762 17530 9244 7559 7500 7500 7931 7820 7332 7479 8001 7693 8177 8146 8146 7869 8237 9066 8752 9265 10574 9256 8778 8416 8416 8091 18015 9774 10619 10431 10291 9969 10565 10565 11454 16625 17398 11666 18078 16179 16303 17674 18216 18216 18498
9700 10410 11130 10800 10085 12110 11864 11864 11222 10810 13876 16484 15937 17272 16211 13893 13893 11905 11015 12217 13449 11222 11082 11927 12190 12190 13554 15525 18123 18091 16170 15769 9069 7426 7087 7087 7279 7531 7878 8756 9026 7730 7833 7109 7109 7462 7964 8609 8610 8290 7976 8281 8411 7852 7852 7543 16954 9143 9790 9138 8992 9818 9831 9831 17518 16780 17180 14100 18175 15092 17407 18204 18582 18582 19171
9346 9740 11832 11985 10981 11156 11156 11228 11665 11448 13235 7607 12416 14364 14741 13947 13947 12526 12711 11994 11553 11786 11631 11745 11992 11992 13518 16273 17842 17752 17246 16820 16567 9207 7503 7503 8943 7649 6879 7802 7966 7840 7540 6730 6730 7080 7210 6282 6464 6809 6713 6391 7358 7044 7044 6690 7662 7748 9272 8933 8533 9373 9589 9589 14944 14540 16568 13289 18459 18279 11861 18075 18075 18769 19359
