Climate data/evap_2020.asc
ncols        75
nrows        119
xllcorner    230814.527999999991
yllcorner    9616990.319000000134
cellsize     250.000000000000
NODATA_value  -9999
[rows 74 to 110 of 119, columns 0 to 74 of 75]
9346 9740 11832 11985 10981 11156 11156 11228 11665 11448 13235 7607 12416 14364 14741 13947 13947 12526 12711 10279 10179 9458 9610 10074 12203 12203 12207 7179 13274 13640 17285 15394 16804 14809 15163 15163 9082 7488 7081 7019 7436 7119 6166 7095 7095 7558 7097 5872 6338 6247 6207 7980 8194 7861 7861 8620 12783 8701 7550 8588 9524 9829 9150 9150 8438 8777 9128 7924 7663 8768 8976 16236 16236 14610 17030
8414 8927 10617 13835 12009 11441 11441 11527 11617 11110 11543 10777 11051 10869 11445 11933 11933 11263 11736 10279 10179 9458 9610 10074 12203 12203 12207 7179 13274 13640 17285 15394 16804 14809 15163 15163 9082 7488 7081 7019 7436 7119 6166 7095 7095 7558 7097 5872 6338 6247 6207 7980 8194 7861 7861 8620 12783 8701 7550 8588 9524 9829 9150 9150 8438 8777 9128 7924 7663 8216 9171 16475 16475 15257 20643
8814 10825 11950 12592 12036 11314 11314 10981 10915 10210 10665 10861 10812 11027 11543 11719 11719 11813 11876 12246 10192 9919 10469 10970 11513 11513 11132 13242 12694 14074 17492 17966 17049 16343 17247 17247 9432 8010 6539 7277 7699 7073 7240 6099 6099 5835 5603 5801 5195 5952 9856 8367 8526 7511 7511 11473 14944 16791 11855 8948 8306 8115 8590 8590 8874 9985 9691 9107 8181 8216 9171 16475 16475 15257 20643
9726 11481 11425 11644 10898 11946 11946 11162 10981 10777 5997 6265 10950 10895 10942 10786 10786 12008 11852 12480 13413 13136 14089 14017 13759 13759 13605 13761 14085 14855 18575 18239 17440 18157 10028 10028 8243 6485 6091 7497 6872 6835 6088 5522 5522 5776 5313 6118 5295 5940 7660 8104 7057 8171 8171 9528 15376 19925 10490 8644 8652 9730 9352 9352 9236 10611 10392 10080 10172 10509 10345 17999 17999 15507 17595
10488 11604 11916 10547 9449 11547 11547 10350 10109 10168 5734 5779 10111 10539 10739 11039 11039 12163 12183 12013 12562 11760 12079 13118 13177 13177 13757 14525 15330 16293 17433 16843 17003 14440 9543 9543 7522 5594 6087 6826 6786 7396 5913 5339 5339 5216 5442 5721 4268 4520 5991 6861 6341 7827 7827 8095 17479 10772 8900 7567 13791 9490 9257 9257 9334 10072 10319 10277 10342 10789 10746 9797 9797 11401 11256
9407 10637 11005 10656 11084 10992 10992 9763 9721 10412 9905 9883 10361 10634 10545 10802 10802 11824 12598 12206 11824 11595 11902 12081 12636 12636 13266 13992 17085 16950 17867 16435 16420 8598 8216 8216 6873 5228 6855 7534 7789 7509 6891 4999 4999 5066 5409 4782 4437 4290 5420 5944 7140 9001 9001 9354 10084 10025 8295 6855 16566 9975 9599 9599 12311 9935 13595 10646 10392 11021 10872 9755 9755 10325 10203
9242 10813 11035 12806 11314 9455 9455 8964 9410 10649 10989 11351 10862 11376 11031 11241 11241 12112 12015 11168 11926 11899 11379 12446 11199 11199 11546 13417 16789 17665 17888 16733 16553 16339 8072 8072 6830 5502 5783 6407 6786 7160 6391 4560 4560 4479 4844 6191 6082 6764 7398 7793 8340 8340 10076 9994 9386 8335 7425 7137 17062 15242 16687 16687 12764 12679 12664 9729 10307 10013 9960 9970 9970 17579 10785
6525 10354 10225 10871 10894 9321 9321 8970 9285 9883 11190 11818 11317 12406 11597 11631 11631 11634 12022 12705 12368 11960 11859 11318 11089 11089 11840 13951 16095 17012 18085 17416 16709 14908 7350 7350 7083 6351 5595 7350 8528 8323 7915 5686 5686 5039 4876 6216 5834 7065 7819 7541 14838 14838 9026 9283 8507 7954 6888 14763 17703 17986 10227 10227 9875 11752 10088 10460 10094 12774 9677 9135 9135 9289 10544
10740 9952 9978 8940 8486 8246 8246 8409 8789 9485 11034 11311 10717 11808 11444 11185 11185 11448 11808 12966 13115 12145 11836 11218 10321 10321 12492 15728 15555 15587 18734 18988 16941 15463 8150 8150 7709 7052 6134 6843 7403 6775 7563 5870 5870 5891 5841 5206 5427 6032 6913 7468 8476 8476 9302 8937 8856 8683 7445 12025 16613 15863 9683 9683 7919 8763 10048 10196 9435 16152 9064 8697 8697 13006 19990
10740 9952 9978 8940 10128 4887 4887 3589 3651 5189 12079 12109 11990 11864 12466 12465 12465 11143 11469 11983 10932 12048 12788 12532 14173 14173 15208 16913 16044 17141 18093 16864 14832 13693 7531 7531 7408 5704 5368 6625 7252 7071 6813 6459 6459 5939 5519 4736 5120 7073 8663 7717 7550 7550 7446 6345 8182 7740 7481 7244 7634 11381 9551 9551 10130 7832 8260 8018 8632 13767 15062 14675 14675 16353 14852
9443 10012 9342 10535 10128 4887 4887 3589 3651 5189 12079 12109 11990 11864 12466 12465 12465 11143 11469 11983 10932 12048 12788 12532 14173 14173 15208 16913 16044 17141 18093 16864 14832 13693 7531 7531 7408 5704 5368 6625 7252 7071 6813 6459 6459 5939 5519 4736 5120 7073 8663 7717 7550 7550 6557 8994 10623 7457 7784 7042 7419 7571 8359 8359 10189 8095 7831 8305 7948 7503 7891 8108 8108 10145 14482
9755 9232 10343 11939 12040 10717 10717 8773 4035 4508 10281 10936 11448 11681 11195 11173 11173 10134 10976 12031 12127 11482 12012 12490 14655 14655 15777 17717 17848 19485 16870 17614 17369 8042 8611 8611 8068 5289 5907 6370 6859 6815 6319 6650 6650 7280 6072 5183 4754 8046 8934 8185 6809 6809 6557 8994 10623 7457 7784 7042 7419 7571 8359 8359 10189 8095 7831 8305 7948 7503 7891 8108 8108 10145 14482
8104 7848 7492 8892 12149 10768 10768 10798 10748 5139 5459 11188 10965 10836 10770 10195 10195 10368 10607 10244 11052 10329 10806 9242 13784 13784 13494 16159 16336 17095 16082 16131 17755 9622 8830 8830 8346 6368 6018 6563 7199 7270 7584 7502 7502 7488 6685 5214 5578 8947 9658 9622 8685 8685 11294 14350 9439 8384 8295 8135 7792 8178 8307 8307 7552 7922 8275 8245 7573 7270 7043 7112 7112 8204 9119
9969 9800 8627 9791 10897 10785 10785 9272 10314 10064 5435 9559 10371 10168 10753 11172 11172 10916 10618 9854 11928 14985 16863 12484 14847 14847 15163 15491 15693 8621 14131 8045 9639 9582 9582 8655 7497 6195 6535 6870 7918 8672 8476 7564 7564 6709 6280 6885 8644 8264 9553 17647 16058 16058 13908 14593 8906 7974 8172 9559 9059 7205 7742 7742 9140 9073 7022 7426 8097 7856 7342 7175 7175 9479 10156
7543 9718 10262 11375 10267 10234 10234 9150 10723 9555 9996 10119 10037 10799 10881 11336 11336 11673 11821 12734 12433 12073 13104 12848 15439 15439 13205 9066 9452 9003 8126 7722 9158 9390 9390 7754 7377 5834 7093 6340 6963 8083 8960 8363 8363 7333 9902 7364 8397 7337 14880 18745 10587 10587 8862 8600 8023 7760 7905 9218 9062 7998 8115 8115 8097 8496 8742 9291 8994 8240 8469 7773 7773 9920 10405
7318 7823 8636 10342 9559 9060 9060 9385 10140 9953 10079 8941 9750 9870 9918 10696 10696 13364 11645 13038 14224 12817 14968 15180 14288 14288 13392 9376 17844 10336 8104 8058 8155 8790 8790 7338 7052 5979 7068 6256 7295 8320 8501 8779 8779 7864 6210 6891 7344 10697 11029 17753 9972 9972 9095 8680 7729 7692 8102 11514 7642 6544 6306 6306 7573 7966 8596 8434 8806 8279 7570 7314 7314 14463 15509
7318 7823 8636 10342 9559 9060 9060 9385 10140 9953 10079 8941 9750 9870 9918 10696 10696 13364 11645 13038 14224 12817 14968 15180 14288 14288 13392 9376 17844 10336 8104 8058 8155 8790 8790 7338 7052 5979 7068 6256 7295 8320 8501 8779 8779 7864 6210 6891 7344 10697 11029 17753 9972 9972 9095 8680 7729 7692 8102 11514 7642 6544 6306 6306 7573 7966 8596 8434 8806 8279 7570 7314 7314 14463 15509
7828 7728 7972 10022 9271 8353 8353 9327 9693 9372 9208 9030 9017 8734 8786 9413 9413 10615 10196 10874 11743 13523 14647 14115 11699 11699 16156 15915 16297 17121 8175 7509 7610 7519 7519 6972 6254 6070 6381 5775 7234 8606 8325 6910 6910 5898 5500 6995 9734 10896 11824 13664 9186 9186 8466 8513 7506 7356 8251 7576 6852 5428 5598 5598 8039 16886 8250 8058 8281 8099 7827 6405 6405 11182 12525
9269 9417 8642 8967 7603 7991 7991 9753 10618 9839 9022 9186 9489 10585 10729 10246 10246 10064 13290 12596 11805 11831 12213 13033 13301 13301 13438 13096 13053 13160 7461 6758 7705 8929 8929 7629 7045 6460 5787 5077 5708 7366 7990 8140 8140 8235 6643 7816 7996 11710 13315 10805 10396 10396 9243 7386 7087 6579 7034 6395 6172 6487 6984 6984 10873 16716 16678 15970 8729 7938 7965 14502 14502 13947 14303
8271 8320 8640 8745 8463 8190 8190 9235 10215 9321 9350 9335 9977 10419 10259 9271 9271 9349 11677 10878 10958 9841 12241 12450 13250 13250 12495 11707 11439 11719 6540 6234 7467 7620 7620 8159 7401 5777 5462 5268 5339 5765 6600 7005 7005 6626 6173 7529 6953 7941 9333 10834 11000 11000 9333 7554 7159 6824 13118 12736 6692 7213 7519 7519 8266 15929 16506 13826 14891 7744 14026 14767 14767 14567 8213
8271 8320 8640 8745 8463 8190 8190 9235 10215 9321 9350 9335 9977 10419 10259 9271 9271 9349 11677 10878 10958 9841 12241 12450 13250 13250 12495 11707 11439 11719 6540 6234 7467 7620 7620 8159 7401 5777 5462 5694 4974 4961 5390 5303 5303 5691 5592 7020 6439 7768 9746 14213 10687 10687 9913 7315 7425 7166 14616 14287 14516 7845 7850 7850 7695 14616 15820 13908 14521 13880 14679 8325 8325 14462 14790
8560 8715 8695 8847 8815 8380 8380 9125 9420 9283 8880 10699 10047 10936 10484 10484 9917 9143 10994 9849 10236 12326 12551 14205 13649 13649 12195 11556 10870 10768 6095 5640 5642 6492 6492 7655 7180 5523 5613 5694 4974 4961 5390 5303 5303 5691 5592 7020 6439 7768 9746 14213 10687 10687 9913 7315 7425 7166 14616 14287 14516 7845 7850 7850 7695 14616 15820 13908 14521 13880 14679 8325 8325 14462 14790
9087 9244 8874 9002 8054 8002 8002 10678 10978 10307 9648 9097 9901 10225 9775 9775 10091 9965 10088 9930 11090 11460 11247 11701 11549 11549 11755 11527 11764 6535 11121 5734 5242 5263 5263 6763 6648 10194 7167 6820 6003 6207 6476 6851 6851 7381 6937 6662 6964 8367 12811 10932 10766 10766 9613 8339 8165 7847 14559 14703 14864 7900 8034 8034 14831 11915 17756 15577 13323 14270 14463 8169 8169 13454 12841
9086 9115 9150 8925 8174 8678 8678 10580 11326 10833 10073 9204 9863 9244 8926 8926 9311 9394 10728 11125 11023 11892 12094 12945 11159 11159 10856 11522 11599 6703 12210 8721 5048 4884 4884 5712 6274 10262 6666 6890 7275 12086 6705 11668 11668 14364 7944 6913 6904 8344 12638 11137 9810 9810 8791 8816 14720 13885 8989 12876 12680 12174 7910 7910 8366 12565 17012 15247 13048 12994 13846 13428 13428 11706 12245
8940 9616 9686 8705 8273 8524 8524 9576 10819 10965 9871 8543 9866 8610 8698 8698 9244 9133 10451 10886 10866 11411 11964 11638 10660 10660 11194 10907 11862 12157 11227 8674 5594 5835 5835 6166 10209 9498 5729 6123 7342 12507 6766 13069 13069 13997 13740 7815 7625 8706 9027 13803 9630 9630 8776 8496 8749 8458 8123 7912 7783 12594 10159 10159 16221 17991 16768 15232 13219 12931 13036 13281 13281 11667 12245
9630 9511 9272 8887 8134 8270 8270 9310 9719 9848 9332 8906 10180 9486 8978 8978 8819 9231 10179 9627 10218 10847 10920 11722 10146 10146 9594 9566 9695 11536 10921 9991 5506 5418 5418 5380 5310 4715 4771 4817 5985 13253 12510 11152 11152 13039 14153 13442 7780 7904 14860 17322 9894 9894 8697 7448 7028 7111 7527 7208 7863 8216 14657 14657 17067 17885 16194 14137 13126 13637 12758 13272 13272 11345 12249
10143 8618 8327 8827 7934 8257 8257 9290 9929 8887 8323 9421 10751 13581 9869 9869 10682 10645 10109 10681 11067 10506 11158 10904 10021 10021 8487 9052 12199 10844 5876 5475 5361 6411 6411 5679 4109 3810 4773 4690 4839 5314 5518 6608 6608 12301 11918 13568 16761 17661 16472 16560 17864 17864 16240 7332 10641 7099 13766 14435 14245 15206 16011 16011 16123 16490 14845 13559 16048 14207 13629 14022 14022 10144 12096
11176 8784 8035 8712 9372 9801 9801 9103 10083 9791 9404 10244 11688 10753 11440 11440 11318 10617 10528 11045 11100 9813 10883 9938 9893 9893 8897 8552 9394 9109 5805 5856 4907 4723 4723 4602 4219 4250 4956 4902 4678 5124 5573 5138 5138 9583 10169 12818 15777 16407 13922 12406 14878 14878 15355 8122 7712 7454 7149 7450 9741 10536 15734 15734 13242 13458 13157 12788 14283 13561 11774 11394 11394 10681 11977
9471 8692 8637 10075 9911 10503 10503 11589 9823 8937 7948 8565 10604 10944 12532 12532 11799 7605 9856 10284 9414 9121 11314 10327 10529 10529 9878 11525 10545 9799 8125 4405 4905 4784 4784 8582 4806 4166 4549 4651 5127 9331 9709 9061 9061 9257 9689 11477 13573 15809 13660 12478 14757 14757 15193 8096 7397 7083 7156 7128 9422 14571 14967 14967 13539 13532 14089 11992 11827 12863 13381 12453 12453 10690 10870
9471 8692 8637 10075 9911 10503 10503 11589 9823 8937 7948 8565 10604 10944 12532 12532 11799 7605 9856 10284 9414 9121 11314 10327 10529 9536 10722 12503 10343 9986 9746 4861 5242 5426 5426 5139 4969 4477 4387 4449 4887 8600 8800 8861 8861 8428 9553 12142 13551 15382 15250 15218 15800 15800 15333 15727 8015 7522 7345 7124 7435 14973 14973 15134 14424 12524 12383 12923 13425 12315 12638 11563 11563 10107 10513
9892 9125 9414 9136 10272 10235 10235 11541 11935 9596 8352 10851 11167 11261 11813 11813 11219 9039 9017 9766 8432 8589 10210 9708 9536 9536 10722 12503 10343 9986 9746 4861 5242 5426 5426 5139 4969 4477 4387 4449 4887 8600 8800 8861 8861 8428 9553 12142 13551 15382 15250 15218 15800 15800 15333 15727 8015 7522 7345 7124 7435 14973 14973 15134 14424 12524 12383 12923 13425 12315 12638 11563 11563 10107 10513
9718 9761 8974 8520 9880 10202 10202 10603 10485 9771 9196 12717 10910 10996 11816 11816 12364 12036 8982 8166 8585 7740 9264 10318 10301 10301 9807 11754 9988 9721 9997 4916 9698 11343 11343 4929 4957 4580 4497 4531 4826 8388 9001 9893 9893 9063 9228 11802 13708 14019 13626 14651 13771 13771 14962 15039 7484 6928 7357 7336 7583 15181 15181 15209 12887 11934 13166 14348 14751 13474 12270 11003 11003 9947 9933
9397 9215 9479 8903 9495 9219 9219 10355 10492 11391 9851 12255 10760 10835 11543 11543 11644 11136 7690 7893 8423 7889 8560 9737 10559 10559 10549 8668 9765 9550 10445 9290 8823 9711 9711 7846 7807 7118 7490 4569 4762 5199 10070 6749 6749 9402 5462 9543 7954 12803 12541 14084 12526 12526 14002 14690 7740 6766 7074 7099 9634 14517 14517 14190 12405 11375 12717 12454 13020 12733 12680 10994 10994 10282 10052
9233 9737 8961 7949 8971 8869 8869 11215 10785 10121 8467 12212 10448 11060 9755 9755 10015 9792 8130 7731 8259 7166 7018 7900 8299 8299 9878 9578 9516 8325 8814 8256 8970 9763 9763 7485 4271 7873 5337 5541 5417 8162 8371 8573 8573 5822 5839 9304 13169 15850 14175 13560 14398 14398 13422 14535 7645 7361 6569 6960 9701 14743 14743 14094 11999 12513 12602 11928 12945 12342 11193 10868 10868 10239 10949
8784 8909 8472 8562 7430 8499 8499 9587 8697 8745 7913 9797 9788 9329 11752 11752 11305 10476 10843 10666 11935 11865 11156 10409 8616 8616 10387 10765 10097 8348 5135 8713 8494 9786 9786 7992 7776 3969 5222 9059 9908 9016 7544 7681 7681 10725 9882 9562 8357 8791 11318 10047 13282 13282 13488 14524 7603 7016 6263 12277 14680 13400 13400 13100 12917 12126 12041 11462 11411 10905 9704 8884 8884 9263 9942
9388 9825 8303 8613 7723 8216 8216 8798 8319 8220 8115 8427 7642 8610 10578 10578 12643 10864 9651 8149 11634 11068 9488 8034 11716 11716 10698 11189 10916 9835 9590 9056 8783 9225 9225 8328 8327 4229 7432 9135 7419 7107 7273 7273 7832 10592 9928 9663 8721 8332 9512 9423 11116 11116 11595 13539 6698 6360 6338 7413 13716 13586 13586 14522 12920 12801 12043 11454 11551 11787 10958 10082 10082 9292 10566
9448 9752 8992 10464 10585 9692 9692 9316 9099 8835 8308 6945 8429 8949 9017 9017 9881 10398 8912 8576 9645 9215 10838 10977 11104 11104 11103 10602 10380 10203 9434 8219 7488 8144 8144 10239 10756 10785 10449 10005 10024 11043 10172 10172 5764 10761 10373 9741 9953 10314 8993 9307 9936 9936 10611 11154 6789 6269 6480 7715 7057 13697 13697 13247 11383 11862 10779 11354 11725 11272 11623 10916 10916 10201 11294
