Climate data/evap_2020.asc
ncols        75
nrows        119
xllcorner    230814.527999999991
yllcorner    9616990.319000000134
cellsize     250.000000000000
NODATA_value  -9999
[rows 0 to 36 of 119, columns 0 to 74 of 75]
4677.0 4555 3685 3716 3957 4571 4133 4022 4022 3911 4113 4009 4258 4147 4600 4522 4513 4513 4480 4630 4944 5196 5620 5246 5530 5213 5286 5286 5092 5670 5905 4965 5248 5369 4934 5379 5379 7061 6736 8231 9181 6904 6561 7465 8422 9238 9238 8491 9582 11009 12346 12653 11442 11653 11843 11843 13168 13781 14360 13488 13000 12257 13384 12374 12374 12551 12575 12904 12032 11155 11038 10813 11398 11268 11268
4149 4069 3814 3875 4054 3885 3926 4059 4059 3859 4120 4289 4235 4300 4241 4391 4338 4338 4165 4299 4786 5313 5629 5202 6093 5881 5649 5649 5674 5714 5659 4699 4998 5318 5262 6217 6217 7061 6736 8231 9181 6904 6561 7465 8422 9238 9238 8491 9582 11009 12346 12653 11442 11653 11843 11843 13168 13781 14360 13488 13000 12257 13384 12374 12374 12551 12575 12904 12032 11155 11038 10813 11398 11268 11268
4137 4116 3891 4176 4091 3831 3781 4010 4010 3888 4047 3966 4278 4227 4380 4261 4501 4501 4404 4657 4842 5451 6247 6168 6441 6685 6743 6743 6522 5859 5873 5292 5002 5329 5476 5399 5399 6957 7149 8342 7552 7384 8394 7223 6895 8571 8571 10775 10743 10930 12177 13768 14052 13271 13818 13818 12647 13124 14433 13308 12693 12165 12439 12255 12255 12380 11451 11762 12339 11976 10073 10908 11690 11576 11576
4655 4231 4339 4547 4491 4328 4105 4410 4410 4248 4389 4810 4042 4135 4527 5039 5206 5206 5543 5360 5353 6289 6554 7194 7182 6878 6842 6842 7050 6811 5684 5889 6360 5714 6641 5804 5804 6127 6961 7316 7779 9013 7880 7781 8572 9753 9753 12321 13672 13710 12588 14440 14704 14581 14218 14218 12769 13186 14777 14116 13985 13060 12798 11936 11936 10035 9443 9920 10874 11183 10713 10362 11331 10713 10713
5598 5357 4866 4589 5087 4942 4693 4814 4814 4835 4843 5022 4871 4876 4689 4529 4706 4706 5344 5575 5533 6802 7065 6820 7414 7297 7247 7247 7447 7010 5447 5304 7135 6843 6609 7515 7515 6834 7628 8271 11023 8895 8750 9029 10805 10328 10328 11131 13019 14812 13966 13028 12732 12188 12443 12443 12198 11278 11918 13649 12229 11907 12292 10932 10932 11379 12398 12393 12484 12218 11634 11441 10212 7967 7967
5404 5238 4839 4817 5233 5020 5031 5186 5186 5051 5257 5530 5410 4920 5164 5255 5458 5458 5604 5567 6311 6962 7125 7180 7490 7552 7467 7467 7617 7344 6437 6398 6498 7190 7015 6439 6439 7179 8167 7734 9191 10195 9349 8640 10796 10713 10713 13218 14690 15086 14757 12977 11851 11919 11335 11335 11021 12105 12151 12106 12533 12445 13452 12701 12701 12810 12889 12450 11915 11591 11072 10905 8614 8036 8036
4860 4756 4728 4959 5304 5581 7144 5689 5689 5309 5338 5295 5212 5240 5272 5537 5775 5775 5984 5795 6483 7573 7715 7704 7597 7418 7329 7329 7388 6645 6676 6370 7394 6727 6831 6977 6977 6731 7843 8086 9493 9736 9382 8670 8967 10096 10096 14364 15647 15268 14604 13653 13182 13727 13346 13346 11711 11795 12002 11499 11976 13222 13405 12922 12922 12732 12250 12088 11733 11211 11168 10966 8083 7636 7636
4893 4485 4452 5345 6273 6054 7128 5757 5757 5514 5513 5498 5365 5476 5281 5372 5929 5929 6579 6529 6672 7899 8350 7673 7641 7900 7490 7490 7483 7191 7513 7200 6946 8498 9342 10292 10292 7810 7810 7463 8331 9263 9349 9353 9090 9090 9269 14147 15190 14313 13742 12972 14215 13982 13533 13533 11593 11190 10624 10395 10949 12904 13113 12608 12608 11661 11895 11663 11275 10530 10413 10372 8064 7586 7586
5471 5038 4450 5724 5775 6029 5552 5482 5482 5456 5534 5833 5403 5018 5367 6563 6672 6672 6625 6967 7029 7476 8300 7739 7465 7704 7593 7593 7670 7423 7833 7789 7190 8166 9612 7194 7194 8100 7395 7096 7839 8039 8523 9026 8931 8931 9205 11674 12954 12521 13191 12595 12382 13452 13142 13142 12006 11445 10569 11702 12120 12408 12884 12136 12136 11860 11397 11370 10689 10333 9862 9372 7728 7561 7561
5471 5038 4450 5724 5775 6029 5552 5482 5482 5456 5534 5833 5403 5018 5367 6563 6672 6672 6625 6967 7029 7476 7480 7332 7144 6955 7205 7205 7288 7654 8268 8049 7692 7928 8381 7993 7993 6844 7249 6164 6773 7851 8473 8937 9586 9586 9728 11320 11564 11346 12962 12364 12615 13004 12269 12269 11419 12453 11857 12421 12389 12232 12000 11685 11685 11289 11023 10716 10215 9417 8844 8387 7157 6687 6687
5784 5518 6178 6434 6473 6636 6063 6064 6064 5850 5838 6163 5600 5406 6172 6535 6791 6791 7214 7718 7361 7475 7480 7332 7144 6955 7205 7205 7288 7654 8268 8049 7692 7928 8381 7993 7993 6844 7249 6164 6773 7851 8473 8937 9586 9586 9728 11320 11564 11346 12962 12364 12615 13004 12269 12269 11419 12453 11857 12421 12389 12232 12000 11685 11685 11289 11023 10716 10215 9417 8844 8387 7157 6687 6687
6387 6076 6086 7380 8364 8517 8390 8536 8536 8064 7683 8116 6909 6504 7019 7212 7368 7368 7343 7489 7467 7159 7901 7986 8041 8714 7802 7802 7742 7782 8577 9200 8345 8495 8686 8993 8993 9362 8489 10711 10889 10812 8511 8039 9107 9107 11207 12984 13767 13009 12438 13096 13540 13509 13393 13393 12175 11889 12154 12468 12379 11736 11718 11154 11154 9784 10550 9502 8544 7948 7484 6734 4789 4592 4592
8013 6516 8048 7922 8385 8209 7946 7745 7745 7696 7548 8160 6879 6744 7335 7278 7273 7273 7830 7882 7805 7101 7682 7898 8338 7696 7701 7701 7613 7906 8909 8839 9004 8665 8446 8712 8712 8940 7119 10510 10582 10412 9174 7473 8805 8805 10086 11241 13542 13592 12176 12733 13977 13847 13506 13506 12539 11921 11713 12196 12280 12333 11907 10791 10791 9539 9681 8899 7985 7156 6476 5378 4062 3262 3262
8149 5853 7944 8027 8238 8482 8184 7555 7555 7278 7384 7378 7661 7601 7302 7584 7148 7148 7385 8030 7621 7157 7608 7453 7749 8125 8007 8007 7769 8403 8656 8555 8460 8466 8346 8738 8738 9942 6356 8764 10368 10364 8868 7545 8558 8558 10541 11429 13058 12275 11843 11433 12531 13563 13212 13212 12566 11492 11857 12405 12108 11574 11288 10005 10005 9123 9156 8115 7101 6114 5040 4514 2977 2735 2735
7461 7405 7585 8025 8497 8776 8386 8390 8390 7992 7945 8297 8544 8268 7950 7561 7171 7171 6797 6993 7119 6901 7354 7034 7684 9002 8885 8885 8885 8946 9013 8835 9262 9779 9568 9374 9374 8943 6433 6954 7628 9135 9033 8413 10065 10065 11176 13512 12170 12228 12102 10974 11323 12942 12954 12954 12436 11403 11827 12100 11843 11742 11480 10288 10288 8861 8923 7872 6710 5329 4356 3256 2739 2536 2536
8199 7204 7637 7933 9047 8478 8213 8348 8348 7830 7842 7912 8642 8251 7864 7755 7730 7730 7681 6918 7260 6998 7463 7310 7805 8598 9183 9183 8807 8822 9294 9403 9214 8927 9610 9599 9599 9810 7178 7752 8140 7920 8625 11844 13363 13363 14417 13783 13076 11749 11695 12202 9380 11915 10480 10480 9558 10774 11321 11640 11357 11142 10929 9733 9733 8821 8026 7048 5930 4767 3724 3009 2659 2465 2465
8686 8148 7648 7435 8706 9024 9129 8668 8668 7825 7807 7704 9466 7478 7770 7588 7770 7770 8033 7269 7406 7055 7316 7192 7646 8698 8698 8547 8514 8990 9202 9227 9205 8901 9416 9528 9528 9924 8836 7996 10198 10439 11608 13460 14641 14641 14574 13623 11559 13227 12226 11790 8200 10158 10667 10667 10386 11137 11488 11855 11310 10260 10356 9744 9744 8330 6895 5601 5095 4221 3171 2768 2547 2306 2306
7700 7752 7692 7651 8657 8772 9214 8965 8965 8450 8561 8198 7183 6727 7587 7727 7792 7792 7389 7214 7316 6662 6292 6597 7717 8848 8848 8411 8235 8815 9292 9548 8710 8771 9734 10104 10104 8995 8166 8147 9267 11631 12358 14287 15199 15199 14262 11325 11528 11006 10253 10641 8761 9245 10570 10570 10534 10210 11513 11281 11065 10306 9777 9470 9470 8251 6572 5040 4324 3296 2930 2717 2497 2297 2297
7700 7752 7692 7651 8657 8772 9214 7935 7935 7695 7546 7420 8060 8195 7371 8128 7789 7789 7462 7645 7446 7275 7527 7594 7601 9006 9006 9226 9815 9737 10744 11614 11731 11343 11690 8034 8034 9311 8518 9366 10671 10925 12882 13487 14492 14492 14310 14192 11565 11107 9254 10861 11621 12348 12746 12746 11833 11476 10714 10274 10324 10059 9229 9017 9017 8202 6457 4910 3269 2941 2808 2629 2368 2204 2204
7817 7837 8494 8579 8458 7984 7801 7935 7935 7695 7546 7420 8060 8195 7371 8128 7789 7789 7462 7645 7446 7275 7527 7594 7601 9006 9006 9226 9815 9737 10744 11614 11731 11343 11690 8034 8034 9311 8518 9366 10671 10925 12882 13487 14492 14492 14310 14192 11565 11107 9254 10861 11621 12348 12746 12746 11833 11476 10714 10788 10876 10196 8856 8681 8681 8150 6472 5066 3730 2860 2750 2567 2359 2254 2254
7461 7088 8213 8257 8768 8710 8314 8416 8416 7500 7543 7452 8120 8639 9593 9745 9078 9078 7934 7218 7366 7762 7779 7894 8329 8471 8471 9482 9996 10308 10737 11152 11206 11078 8486 9029 9029 9104 8848 9927 12354 12917 14111 13674 14920 14920 14949 15093 13902 11685 10887 8756 11148 11306 12169 12169 11733 11401 10994 10788 10876 10196 8856 8681 8681 8150 6472 5066 3730 2860 2750 2567 2359 2254 2254
8196 7734 8490 8673 9962 10246 9757 9535 9535 9005 9282 7769 7507 7477 7606 7492 7620 7620 7553 7194 7664 7524 6941 7101 8384 9176 9176 9590 9658 9598 10456 10339 10819 11412 8350 7783 7783 8880 9872 10943 11696 12483 15063 14556 14816 14816 15016 14908 13328 12881 10547 9665 10862 11909 11539 11539 12750 12812 12306 11997 11536 10833 8852 8353 8353 7898 6557 5259 4080 3023 2809 2656 2476 2476 2264
8688 8760 8575 8415 9633 9657 9361 9233 9233 8013 7243 7892 7082 6777 6935 7199 7363 7363 7479 7345 7483 7843 7108 8356 8339 8875 8875 9135 9289 9529 10445 11265 11080 8393 8670 8044 8044 8107 11361 10595 13270 14960 15200 14612 15118 15118 14443 14189 13196 13739 10739 9006 8277 11963 12513 12513 13186 13108 12730 12073 11353 10049 8733 8335 8335 8345 6299 5240 3979 3234 2817 2798 2465 2465 2367
8701 8491 7922 8436 8614 8961 8834 8354 8354 8511 7589 7707 8027 7296 7181 7155 7208 7208 7177 7157 7699 6732 7303 8610 8675 8558 8558 8777 9274 9565 11020 11360 10750 11715 8137 8574 8574 8858 10817 14226 14458 14497 15008 14719 14965 14965 15849 14629 12343 12591 10735 9418 7430 10933 12834 12834 13357 12820 12073 11183 10814 9853 8714 8360 8360 7535 5971 5542 4464 3476 2941 2791 2485 2485 2315
8036 7999 8317 8267 9155 9299 8873 8873 8662 8550 7578 7623 7950 7005 7266 7156 7133 7133 7158 5846 7484 8168 8385 8440 8154 8438 8438 9502 9616 9621 10804 10987 10902 11344 8234 11037 11037 11885 12469 14515 14862 15421 15764 15808 15797 15797 16243 15538 12779 13097 13109 10395 9787 11602 13587 13587 13560 12880 11792 11096 10537 9490 8411 8678 8678 7764 6604 5376 5215 4008 3294 2928 2443 2443 2346
9597 8548 8688 9111 9365 8936 8631 8631 8798 8819 7943 7898 7888 7655 7638 7122 7290 7290 7296 6590 7512 9629 9052 9177 8801 9544 9544 9664 10091 10030 10291 10195 11241 7750 11954 11349 11349 10354 15409 15450 14787 16359 16823 16335 16822 16822 16965 14267 14491 13860 14123 12021 13636 13775 12947 12947 14611 13577 12174 12298 11914 11809 10093 9036 9036 8302 7238 6064 6301 5016 4625 3157 2625 2625 2443
9119 8623 8331 7640 8549 8571 7919 7919 8812 8755 8075 7626 7667 7511 7238 7947 6494 6494 6220 5870 7511 9223 8640 8804 9467 10101 10101 10636 9949 9974 10571 10816 11100 11860 8709 14865 14865 17851 15269 15499 14881 15266 16734 17659 17863 17863 16878 16145 14988 13985 13432 13941 14665 14786 14533 14533 14696 14353 12509 13384 12954 12731 11526 10349 10349 8734 7403 6779 6058 5023 4559 4768 2841 2841 2567
8769 8346 7833 7205 7572 7098 7879 7879 8680 7914 7643 7167 7677 6850 6941 7634 6651 6651 5905 6197 8504 9446 8647 9057 9722 10248 10248 10473 10280 10084 11224 10907 11262 8541 9603 16345 16345 15803 16392 16415 15032 15012 17323 17278 17082 17082 17266 16768 15018 14614 14885 15120 15210 15293 15021 15021 14406 13930 12939 13032 12989 12963 12381 9960 9960 8197 7221 5543 5034 4551 4298 4885 3004 3004 2910
8769 8346 7833 7205 7572 7098 7879 7879 8680 7914 7643 7167 7677 6850 6941 7634 6651 6651 5905 6197 8504 9446 8647 9057 9722 10248 10248 10473 10280 10084 11224 10907 11262 8541 9603 16345 16345 15803 16392 16415 15032 15012 17323 17596 18531 18531 17870 17142 16500 16158 16345 15404 15587 15792 15666 15666 15225 14465 13880 13270 13254 13019 12413 9542 9542 7571 6512 8296 7543 5257 4952 4489 3396 3396 3022
9594 8378 8129 7470 8318 7971 7574 7574 8359 8218 7523 7053 7617 7140 6905 7899 7983 7983 7491 6876 9223 10284 9014 9248 9261 9763 9763 10992 10597 10286 10978 10714 11226 9012 14422 16302 16302 15263 16640 16070 14363 15684 17106 17596 18531 18531 17870 17142 16500 16158 16345 15404 15587 15792 15792 15666 15225 14465 13880 13270 13254 13019 12413 9542 9542 7571 6512 8296 7543 5257 4952 4489 3396 3396 3022
8633 8288 8587 7343 8356 7942 8813 8813 9690 8922 7694 7110 7634 7120 6769 7970 8870 8870 8987 8289 8078 9548 9628 9557 9388 9665 9665 10096 9833 10384 10631 11233 9333 10617 15226 15853 15853 14952 16245 15906 12994 15405 14662 16977 17614 17614 16577 17694 17021 16395 16274 16241 16352 16098 16098 15949 15189 13921 12987 13066 13045 12249 12306 9539 9539 7823 7221 9014 7536 5989 6181 4560 3804 3804 3596
8930 8806 8927 8648 7653 7743 8851 8851 9620 8122 7269 7347 7443 7605 7383 8090 8700 8700 9055 8561 8628 9005 9620 9319 9836 10175 10175 9564 10032 10387 11215 12376 9524 10467 12698 15770 15770 15030 14117 12563 13168 14383 14475 14507 16491 16491 16774 18004 17400 15405 15242 14900 15078 15724 15724 15530 14597 13754 12590 13160 13745 11706 11596 10170 10170 8859 7423 8732 7616 7403 6114 5035 4458 4458 4195
8565 8892 8377 8516 9072 7512 7438 7438 7423 7522 7702 7438 7620 7579 7607 8568 8862 8862 9393 8980 9070 9285 9682 10045 9053 10284 10284 9955 10283 10449 11425 12115 9030 8985 11253 13207 13207 14523 14337 12525 12585 15136 15226 14325 13877 13877 13975 16677 16147 14619 13923 13394 13847 14669 14669 14603 14726 14392 14168 14461 13947 13438 13481 11585 11585 9919 8325 9957 9230 7502 7029 6696 7018 7018 5750
8448 8719 8432 8641 8517 7477 7180 7180 7572 7485 7983 7830 7917 7322 7376 8794 8807 8807 8150 8959 9173 8924 10030 9713 9537 8882 8882 9867 10132 10473 10794 12159 11945 9402 12041 13544 13544 15021 16058 14536 13385 14417 14946 14201 15047 15047 16304 17387 16414 15312 14228 13065 14271 14973 14973 15155 15130 14723 15406 15282 14861 14264 14060 12630 12630 10924 9053 9671 10414 9721 8126 7952 8724 8724 7281
7872 8296 9127 8439 8067 7571 7432 7432 6912 7190 7774 8077 8843 7659 7690 6870 6979 6979 8315 8240 9461 8669 9813 9443 9040 9496 9496 9810 9080 11029 13033 14364 14190 9875 16943 15962 15962 16708 17476 16654 16894 16138 16646 16851 16868 16868 16970 17201 17530 16708 16089 16504 16266 15010 15010 14344 15333 14795 14860 14677 14790 15421 15173 15022 15022 12466 10963 10506 11629 11515 9874 9939 9523 9523 8824
8247 9322 9024 8339 7182 7528 6898 6898 7504 8062 8243 8421 8132 7560 7682 6869 6767 6767 7347 8500 9271 9313 8742 9310 9908 10054 10054 10479 10632 11713 14978 16140 15791 13899 15771 19420 19420 14880 17142 16747 16573 17623 17558 16939 15773 15773 16272 17087 17760 16842 16305 16049 16078 15618 15618 14725 15041 15393 15703 15975 15685 15877 15223 15301 15301 14477 13666 13110 12553 10842 10450 10471 8040 8040 9312
8390 9370 9014 8163 7576 7400 6357 6357 6970 7174 8139 8113 8254 8532 8362 8389 6975 6975 7107 7269 7360 8977 9532 9529 9839 10277 10277 11038 11560 12095 15410 16181 15894 11999 16318 17296 17296 14613 16661 17167 16682 17077 16397 15710 16296 16296 15233 16529 17304 16254 16136 16209 16744 16128 16128 16163 14742 15176 16091 15657 15600 15936 15570 15266 15266 14829 14226 13573 13298 13015 12071 11182 10616 10616 10088
