Other input/gwheads.asc
ncols	75																																																																									
nrows	119																																																																									
xllcorner	230814.528																																																																									
yllcorner	9616990.319																																																																									
cellsize	250																																																																									
NODATA_value	-99999																																																																									
[rows 40 to 79 of 119, columns 0 to 74 of 75]
1611 1576 1634 1687 1675 1641 1657 1644 1609 1590 1564 1546 1541 1540 1552 1591 1611 1603 1589 1576.046 1581 1574 1575 1603 1623 1634 1648 1643 1627 1663 1663 1642 1641 1658 1654 1664 1673 1680 1692 1711 1750 1778 1810 1825 1824 1827 1834 1840 1908 1969 2022 1987 1957 1962 2013 2027 2056 2060 2114 2200 2277 2293 2304 2317 2331 2367 2383 2403 2437 2469 2489 2501 2485 2529 2550
1618 1574 1608 1665 1640 1631 1655 1643 1607 1586 1566 1544 1537 1540 1546 1602 1604 1580 1580 1576 1578 1571 1569 1594 1611 1624 1634 1633 1616 1644 1635 1627 1631 1642 1650 1654 1654 1668 1681 1702 1733 1752 1774 1784 1792 1810 1818 1824 1820 1943 1992 1957 1930 1933 1993 1995 1988 2033 2131 2214 2261 2265 2306 2315 2327 2348 2362 2370 2396 2436 2444 2445 2427 2499 2483
1611 1564 1593 1608 1610 1619 1643 1617 1577 1558 1565 1544 1533 1537 1532.023 1589 1595 1570 1553.055 1569 1571 1569 1560 1574 1590 1616 1613 1607 1603 1622 1617 1622 1627 1636 1633 1645 1651 1658 1668 1691 1714 1724 1738 1758 1773 1783 1789 1799 1797 1815 1866 1858 1893 1894 1925 1897 1968 2004 2163 2193 2272 2292 2318 2350 2373 2308 2327 2316 2333 2353 2337 2352 2402 2422 2424
1606 1574 1568 1588 1599 1603 1600 1587 1569 1543 1531 1529 1524.085 1526 1529 1562 1581 1571 1554 1555 1554 1556 1553 1563 1558 1590 1596 1589 1598 1612 1604 1609 1617 1621 1631 1637 1641 1642 1665 1687 1705 1709 1729 1741 1750 1755 1772 1776 1787 1797 1807 1829 1844 1840 1843 1872 1918 1965 2089 2147 2217 2223 2257 2318 2353 2272 2278 2270 2262 2250 2260 2252 2352 2357 2334
1593 1598 1558 1576 1598 1590 1575 1560 1537 1530 1531 1529 1525 1525 1525 1545 1553 1559 1542 1543 1550 1546 1543 1551 1549 1576 1581 1580 1592 1599 1593 1608 1610 1614 1621 1611 1630 1643 1672 1685 1697 1708 1720 1733 1739 1739 1752 1761 1774 1789 1794 1798 1809 1828 1832 1853 1877 1904 1961 2061 2192 2222 2209 2246 2288 2250 2257 2232 2235 2220 2195 2246 2322 2326 2292
1584 1579 1584 1552.032 1552 1542 1557 1549 1527 1511 1507.039 1522 1525 1525 1522 1519 1515 1528 1529 1533 1543 1537 1551 1537 1545 1576 1554 1556 1570 1564 1573 1581 1584 1618 1609 1615 1627 1647 1663 1675 1681 1693 1705 1721 1716 1729 1740 1773 1783 1756 1751 1762 1781 1793 1813 1823 1854 1866 1934 2032 2122 2126 2144 2186 2208 2268 2181 2176 2147 2106 2155 2233 2287 2280 2238
1594 1566 1561 1591 1614 1578 1526 1521.016 1517 1522 1506 1505.055 1516 1521 1522 1520 1517 1510.023 1518 1526 1532 1530 1533 1531 1543 1558 1539 1534 1549 1555 1557 1562 1587 1596 1592 1612 1628 1640 1650 1659 1671 1678 1691 1701 1702 1712 1758 1779 1773 1734 1732 1744 1745 1771 1782 1809 1829 1849 1870 1915 2007 1955 2122 2133 2173 2189 2072 2083 2048 2050 2070 2091 2227 2200 2195
1583 1567 1559 1593 1641 1607 1533 1523 1519 1538 1506 1507.023 1516 1521 1517 1516 1511 1511 1521 1527 1532 1521 1527 1522 1534 1547 1531 1532 1543 1546 1551 1554 1566 1572.023 1591 1618 1624 1634 1639 1648 1661 1666 1683 1686 1693 1701 1755 1801 1734 1713 1725 1737 1746 1786 1775.016 1796 1814 1824 1858 1868 1921 1997 2071 2069 2102 2051 2012 2023 2016 2017 2031 2044 2108 2133 2162
1550 1549 1560 1634 1639 1574 1564 1526 1506 1505 1515 1500 1524 1516 1516 1512 1509 1509 1519 1518 1520 1511 1514 1516.023 1523 1520 1522 1526 1533 1540 1543 1553 1568 1569 1567 1602 1613 1623 1628 1637 1650 1657 1660 1673 1673 1684 1694 1708 1699 1709 1697 1723 1778 1801 1819 1829 1824 1832 1857 1876 1906 1982 1998 1977 1999 1971 1951 1973 1982 1980 1990 1998 2045 2075 2120
1543 1539 1552 1640 1637 1563 1534 1515 1496 1482 1489.016 1492 1509 1512 1510 1508 1502 1497 1513 1509 1509 1505 1507 1519 1509.016 1519 1519 1520 1526 1532 1539 1543 1551 1567 1586 1600 1602 1608 1619 1627 1638 1642 1653 1658 1667 1667 1673 1668 1687 1697 1732 1750 1767 1776 1808 1830 1841 1879 1906 1890 1873 1909 1916 1926 1911 1910 1904 1930 1949 1968 1987 1987 1985 2059 2093
1547 1542 1541 1585 1572 1543 1526 1508 1486 1483 1487 1486 1488 1489 1501 1502 1497 1485 1495 1504 1505 1500 1502 1505 1503 1508 1504.023 1512.016 1518 1529 1543 1550 1553 1560 1569 1582 1592 1597 1609 1617 1626 1634 1635 1648 1653 1658 1662 1674 1675 1686 1711 1717 1725 1745 1762 1846 1836 1827 1840 1842 1828 1832 1860 1829 1839 1857 1876 1894 1933 1928 1920 1921 1940 2014 2042
1557 1543 1539 1554 1544 1526 1520 1507 1483 1485 1482 1480 1484 1494 1492 1491 1492 1490 1497 1501 1498 1503 1490 1500 1505 1498.023 1512 1510 1518 1528 1539 1555 1559 1550 1568 1574 1585 1589 1597 1611 1617 1626 1629 1641 1644 1645 1656 1666 1666 1678 1696 1701 1724 1747 1757 1788 1804 1823 1835 1826 1820 1806 1815 1797 1807 1837 1855 1872 1913 1904 1902 1896 1890 1966 1946
1589 1551 1532 1522 1522 1510 1504 1507 1487 1478 1476 1478 1477 1488 1483 1483 1482 1478 1488 1492 1493 1501 1485 1488 1488 1495 1499 1505 1511 1522 1537 1549 1547 1555 1559 1568 1577 1582 1589 1599 1609 1618 1619 1630 1635 1645 1654 1652 1651 1667 1685 1672 1665 1683 1707 1756 1772 1814 1826 1824.023 1812 1798 1780 1768 1803 1811 1807 1819 1844 1876 1868 1875 1843 1823 1817
1612 1581 1535 1521 1516 1521 1507 1495 1484 1476 1472 1471 1476 1469 1480 1479 1482 1474 1479 1486 1486 1487 1489 1490 1489.023 1487 1494 1499 1505 1509 1526 1539 1536 1545 1555 1563 1568 1584 1585 1592 1597 1606 1616 1631 1639 1637 1647 1635 1637 1641 1643 1634 1654 1674 1716 1758 1767 1792 1851 1862 1832 1815 1779 1725 1729 1782 1796 1804 1808 1834 1835 1820 1793 1783 1774
1592 1571 1536 1527 1521 1533 1508 1490 1480.023 1484 1478 1464 1465 1466 1471 1475 1469 1468 1478 1488 1490 1486 1483 1485 1483 1485 1494 1498 1503 1507 1520 1531 1531 1541 1549 1556 1564 1570 1578 1584 1598 1601 1611 1620 1626 1627 1632 1620 1630 1616 1616 1615 1651 1682 1712 1736 1774 1818 1867 1881 1829.023 1828 1799 1733 1759 1782 1790 1810 1811 1807 1812 1793 1768 1762 1752
1529 1549 1528 1519.016 1522 1553 1534 1496 1481.032 1481.023 1484 1471 1453 1462 1472 1473 1465 1473 1473 1483 1484 1480 1481 1483 1484 1483 1483.023 1487 1497 1510 1511 1518 1528 1539 1543 1549 1559 1564 1574 1579 1588 1596 1609 1604 1613 1618 1611 1605 1612 1600 1595.023 1641 1652 1654 1677 1717 1783 1826 1844 1848 1845 1859 1809 1725 1737 1751 1768 1794 1804 1784 1768 1755 1751 1722 1732
1518 1530 1518.016 1515 1513 1520 1503 1487 1484 1484 1477 1474 1450 1452 1449 1448 1458 1462 1460 1460 1481 1476 1476 1477 1477.032 1485 1487 1481 1494 1500.023 1504 1512 1523 1530 1537 1544 1551 1557 1570 1572 1581 1580 1584 1601 1605 1603 1593 1587 1600 1590 1600 1631 1629 1645 1637 1690 1765 1795 1856 1862 1877 1862 1824 1694 1741 1726 1744 1754 1757 1757 1728 1739 1731 1706.016 1728
1517 1523 1524 1516 1502 1497 1491 1481 1487 1484 1471 1465 1452 1447 1446 1452 1455 1454 1460 1463 1463 1461.016 1470 1476 1484 1482 1480 1489 1491 1493 1502 1512 1518 1528 1531 1538 1545 1556 1562.016 1572 1578 1578 1580 1594 1599 1594 1577.016 1593 1593 1583 1596 1605 1622 1618 1615 1677 1756 1794 1840 1867 1874 1859 1827 1679 1732 1721 1744 1758 1736 1745 1722 1722 1714 1700.016 1717
1525 1544 1602 1554 1530 1495 1486 1481.023 1485 1478 1459 1450.023 1448 1439.023 1443 1447 1453 1454 1453 1454 1455 1461 1462 1472 1471 1477 1476 1488 1483 1497 1491.023 1505 1513 1526 1525 1538 1554 1563 1570 1567.039 1575 1575.023 1594 1625 1607 1589 1578 1574 1575 1570 1566 1594 1608 1587 1602 1662 1765 1798 1821 1864 1870 1863 1811 1645.016 1709 1713 1822 1809 1723 1710 1702 1689 1699 1689 1686
1517 1539 1596 1607 1566 1522 1498 1505 1518 1476 1450 1438 1444 1442 1441 1444 1445 1441 1445 1443.023 1446 1454 1461 1466 1465 1467 1475 1484 1490 1487 1497 1501 1509 1519 1523 1542 1550 1549.023 1568 1584 1576 1571 1581 1623 1621 1584 1561 1558 1555 1555 1565 1585 1568 1579 1595 1651 1757 1774 1801 1833 1846 1845 1809 1642 1682 1735 1870 1836 1759 1690 1686 1649 1674 1671 1658
1512 1535 1580 1600 1576 1556 1548 1554 1545 1483 1443 1423 1422 1444 1435 1440 1435.039 1435.016 1440 1440.048 1453 1451 1456 1455 1458 1460 1473 1478 1479 1482 1488 1494 1502 1511.023 1518 1534 1546 1560 1572 1589 1586 1557 1565 1583 1575 1563 1537 1549 1534 1545 1578 1578 1547.039 1564 1580 1625 1733 1745 1814 1809 1821 1817 1741 1620 1658 1683 1838 1811 1718 1691 1668 1656 1655 1653 1651
1508 1546 1579 1571 1567 1547 1578 1567 1536 1481 1435 1420 1417 1422.023 1432 1438 1433 1432 1437 1438 1445 1447 1450 1450 1454.023 1462 1470 1473 1484 1483 1482 1499 1506 1513 1519 1539 1551 1565 1569 1582 1582 1548 1551 1549 1553 1534 1534 1532 1525.055 1561 1569 1563 1550 1552 1557 1608 1689 1715 1772 1788 1778 1782 1731 1589.016 1646 1663 1755 1731 1695 1656 1690 1668 1643 1644 1644
1502 1525 1540 1542 1575 1537 1510 1520 1492 1454 1426 1414.016 1415 1428 1431 1438 1430 1432 1428 1438 1438 1441 1441 1443 1449 1455 1468 1471 1477 1481 1484 1508 1512 1515 1526 1536 1547 1538 1553 1564 1541 1536 1535 1529 1520 1515 1527 1518 1526 1563 1559 1533 1531 1519 1539 1565 1629 1699 1722 1736 1738 1689 1669 1588.016 1632 1633 1658 1681 1657 1647 1635 1629 1631 1634 1631
1500 1513 1525 1533 1536 1509 1488 1477 1463 1435 1419 1414.046 1413.039 1417 1421 1419 1420 1423 1424 1425 1428 1435 1439 1444 1449 1453 1464 1469 1468 1471 1484 1493 1489 1501 1511 1515 1535 1530.023 1556 1541 1526 1527 1522 1529 1519 1511 1515 1521 1515.039 1552 1532 1518 1507 1517 1519 1521 1552 1575 1646 1628 1624 1599 1611 1624 1600 1615 1617 1655 1660 1650 1635 1621 1587 1616 1620
1493 1511 1524 1525 1547 1524 1484 1470 1448 1431 1418 1414 1413.016 1419 1420 1416 1417 1419 1425 1426 1428 1436 1436 1442 1446 1451 1457 1464 1459 1464 1475 1493 1486 1493 1503 1507 1522 1534 1561 1535 1506 1498 1500 1513 1509 1505 1500.016 1514 1531 1536 1530 1510 1496 1505 1509 1510 1525 1538 1586 1576 1575 1559 1556 1559.023 1590 1603 1614 1629 1664 1679 1667 1641 1599 1602 1612
1486 1502 1547 1519 1561 1547 1487 1467 1451 1434 1424 1420 1410.023 1412 1413 1413 1415.016 1417 1417 1425 1427 1427 1431 1434.023 1440 1445 1447 1451 1461 1448 1456 1457 1466 1483 1487 1488 1497 1547 1532 1494 1496 1489 1481 1500 1503 1495 1502 1513 1523 1510 1503 1494 1490 1493 1494 1495 1504 1515 1523 1531 1538 1531.023 1557 1567 1577 1588 1640 1693 1778 1805 1760 1710 1619 1570.023 1590
1482 1481 1514 1506 1526 1566 1522 1487 1451 1443 1440 1480 1420 1402 1403 1408 1413 1410.023 1411 1417.023 1417.016 1423 1429 1431 1435 1437 1442 1442 1445 1446 1443 1439 1463 1468 1472 1472 1483 1489 1489 1489 1478 1471 1472 1488 1489 1492 1518 1491 1505 1506 1481 1482 1487 1482 1491 1498 1501 1506 1509 1531 1546 1536 1553 1571 1570 1590 1668 1749 1872 1932 1842 1758 1631 1572 1552
1470 1462 1479 1505 1527 1524 1496 1474 1458 1455 1427 1412 1406 1400 1398 1407 1407.039 1408 1408 1411 1411.023 1420 1430 1425 1428 1435 1433 1438 1437 1441 1439 1435 1450 1442 1453 1456 1460 1473 1482 1472 1477 1462 1457 1469 1478 1509 1489 1487 1483 1482 1479 1479 1480 1486 1487 1487 1487 1497 1521 1649 1690 1611 1570 1573 1553 1586 1674 1752 1896 1927 1847 1742 1630 1576 1546
1460 1449 1460 1485 1515 1483 1476 1454 1469 1486 1464 1410 1403 1395.032 1399 1405 1412 1403.016 1405 1412 1409 1417 1419 1418 1423 1428 1431 1439 1436 1433 1432 1430 1428 1433 1440 1449 1457 1469 1479 1462 1467 1461 1455 1463 1473 1481 1477 1477 1481 1477 1468 1468 1461 1476 1475 1483 1483 1482 1518 1647 1687 1632 1571 1557 1548 1578 1653 1734 1845 1909 1806 1725 1621 1568 1548
1440 1433 1436 1447 1457 1456 1459 1440 1425 1449 1444 1405 1399 1396 1396 1400 1397.039 1399 1405 1408 1406 1407 1412 1414 1417 1423 1427 1426 1433 1424 1424 1421.016 1422 1427 1434 1447 1454 1457.023 1463 1438 1447 1443 1443 1451 1457 1451 1461 1464 1471 1464 1456 1453 1460 1463 1469 1475 1482 1477 1487 1541 1576 1568 1552 1547 1548 1566 1623 1662 1719 1760 1699 1662 1581 1553 1550
1423 1420 1419 1432 1437 1438 1430 1447 1401 1397 1402 1397 1395 1390 1400 1397 1395 1398 1401 1405 1399 1402 1406 1411 1414 1415 1419 1418.016 1420 1422 1425 1420 1413.016 1417 1424 1439 1446 1453 1439 1428 1418 1435 1441 1440 1443 1446 1449 1454 1458 1454 1451 1447 1444 1454 1459 1466 1477 1475 1468 1495 1525 1534 1519 1504 1520 1540 1576 1595 1605 1637 1598 1580 1557 1557 1590
1408 1421 1418 1427 1433 1422 1410 1401 1384 1384 1386 1388 1395 1390 1399 1392 1392 1397 1391.023 1399 1398 1399 1404 1408 1408 1413 1418 1419 1414 1415 1413 1417 1408.023 1417 1426 1427 1439 1441 1432 1415.046 1421 1429 1433 1436 1438 1440 1440 1446 1451 1450 1444 1433.039 1438 1442 1450 1463 1467 1463 1457.039 1468 1485 1496 1486 1487 1509 1531 1548 1566 1559 1562 1552 1544 1535 1513 1488
1398 1404 1420 1422 1410.039 1408 1393 1387 1376.046 1381 1383 1384 1384 1388 1390 1387 1386 1386.016 1387 1392 1394 1393 1400 1399 1400.032 1412 1410 1409 1413 1405 1401.032 1402 1405 1405 1411 1420 1428 1432 1428 1416 1417 1418 1424 1424 1424 1433 1435 1440 1439 1436 1435 1422.016 1435 1443 1441 1445 1459 1452 1453 1456 1466 1466 1477 1497 1521 1573 1535.039 1541 1522 1514 1505 1525 1507 1476 1503
1392 1402 1437 1414 1421 1410 1387 1381 1375.094 1375.11 1378 1380 1381 1384 1383 1386 1381 1388 1389 1387 1385.016 1388.023 1393 1397.023 1402 1401 1408 1403 1401 1401 1400 1395.062 1399 1397 1402 1415 1421 1428 1410.023 1403 1410 1412 1418 1414 1417 1423 1429 1429 1430 1428 1425 1422 1426 1431 1432 1438 1444 1444 1445 1445 1464 1464 1470 1489 1503 1583 1578 1544 1500 1487 1487 1481 1478 1497 1535
1382 1394 1418 1403 1403 1395 1379 1380 1375.048 1377 1380 1381 1376 1378.023 1381 1377 1376.016 1380 1384 1385 1384.023 1386.039 1392 1395.016 1392.016 1396 1398 1397 1395 1396.023 1398 1400 1398 1396 1408 1415 1418 1419 1412 1400 1405 1408 1412 1410 1412 1418 1424 1421 1421 1418 1417 1417 1419 1425 1427 1435 1439 1440 1444 1448 1455 1459 1475 1485 1481 1582 1552 1523 1491 1482 1479 1476 1481 1473 1517
1375.023 1379 1378 1382 1381 1385 1389 1375.048 1375 1375 1371 1370.023 1371.023 1380 1379 1379 1377 1378 1379 1379 1379 1385 1387 1389 1392 1390.016 1393 1392 1388.023 1394 1396 1397 1390 1392 1403 1398 1408 1404 1407 1396.016 1401 1401 1402 1404 1406 1407 1412 1414 1414 1409 1408 1396.039 1407.023 1417 1422 1424 1433 1431 1432 1432 1439 1447 1457 1468 1464 1466 1466 1488 1477 1470 1469 1471 1481 1452 1466
1375 1372 1371 1378 1389 1395 1395 1377.039 1373 1375 1372 1368.023 1369 1369 1367 1371 1371 1373 1373 1376 1380 1382 1382 1384 1386 1384 1381.016 1386 1384 1388 1392 1388.016 1388 1389 1392 1390 1386 1398 1386 1389 1393 1393 1393.023 1399 1399 1398 1402 1405 1403 1400 1400 1400 1409 1414 1409.023 1423 1421 1427 1418 1426 1433 1433 1442 1445 1447 1454 1442 1449 1453 1448 1447 1434 1460 1436 1449
1366 1365 1366 1389 1437 1421 1386 1378.023 1373 1368.039 1369 1367 1363 1365 1366 1364.016 1366 1365.023 1367 1372 1377 1379 1375 1376 1377 1382 1387 1378.016 1382 1381 1384 1382.023 1383 1389 1378 1376 1375.023 1377 1377 1383 1385 1383 1385 1389 1388 1392 1395 1397 1399 1395 1390 1393 1397 1400 1410 1424 1416 1415 1410.023 1419 1428 1429 1424 1429 1422 1427 1438 1440 1425 1423 1420 1414 1429 1415 1394.016
1365 1368 1366 1388 1413 1410 1393 1388 1376 1371 1368 1363.023 1360 1366 1363 1361.016 1366 1365 1364.039 1376 1376 1375 1373 1374.023 1374.016 1381 1378 1376 1376 1379 1381 1377 1379 1377 1377 1373 1374 1371 1376 1377 1381 1385 1382 1384 1385 1386 1390 1390 1388 1389 1381 1387 1399 1400 1404 1412 1412 1408 1410 1415 1414 1409 1410 1411 1410 1426 1431 1434 1416 1419 1409 1408 1415 1434 1405
1360 1364 1366 1378 1387 1399 1390 1384 1370 1365.062 1366 1366 1358.068 1360 1360 1356 1363 1358.048 1366 1367 1368 1371 1369 1369 1371 1370 1368 1368.023 1370 1378 1370.023 1371.023 1367 1368 1367 1368 1365 1364.023 1370 1371 1372 1377 1377 1374 1375 1378 1384 1384 1383 1380 1379 1382 1393 1395 1393 1406 1401 1400 1406 1408 1408.016 1408.048 1411 1397 1405 1405 1385 1391 1399 1408 1397 1405 1391 1393 1397
